Gradfanslvo. Kule. V

Kad 11 01010 1111110111, 1 0111110 0101110 1 0111111 1111011, 011 au
mogli 101111131111101, 11011 11111111 mati, 11 111 111110111 polo·
1101 1101111111. ’

Za gradtku je obeinu 1111111 bila 011111,11011110 pred

1111001 01111110 11111101111; 111 111 bi 11111011 1111111111, 11 11 gra· ·

111010, 1 00 10 011111110 1101111ο; 111 0110100 11 11 1101111111 111101
111111 3111111011 1011110111110, 11 111111110111. 0111010 0111111011
1 0111111011 01111110 11 u gradski 1111110111 11110 11 1111101111, koji bi
11 01111111, 1110 111 111110101111, 11 11 0111100 1101001111 10111110,

11 01 001, 01 01111011 11111 01 110100111011101111 1011111 1111111101 ’

01111111 01111011 1110111111, 11 1111011111 0111111011 0111101 81111111
1101111 1101111 11111010 pravo, izgubit 11 1 11001100 1 111110.

Νἰ11 gradskomu poglavarstvu 11110 samo do 11111101, 116 ido
1110010111, 1011 su 1110011111 11111 11 1101111111 11111 3111111 obtine.
1111110 1111011110101110111 0110 110111, 1111 11 g. 1362. 11111111-
11111111 5111111111 111. 1111111111,110011 Αο111011, 11110 1101111 pod bi·
· 11011111 101010, 1 1111110 111031111111101110011111100 uzprotivilo
100111, 11 11 111001110 10111 1 11111111111111 1111111101, 11 1111101101
11111010 0111100.

8110101001 11111110 0 1111110111, 1161011 je koju ο 0111101111

11101 1· poss'edt'h. Ρ101101, 01 101101 su 1111111 31111111 11111111
11011 (1111111,1110,1111100111. U cieli 1101 01101110 11 110111111
11111101, 1 96 lirino. Uz 1101111001 1101011 bilo je i 1010110111011,
1 110 0111011111 1011110110101 11011.

Kod gradjenjn 001111 10111 101 1101111111 11111111111011
81111110 1101111111110, bude li 1011 1011 111101, 11101 bar 10111011
111111 111101; da gotpodnr prokopa 1111110 11011111 1111110111, kojimi

11011111111110111,110111011 11111 1011110101 11111ς 1111101 ili ·

10101111 110111111011111 111110 031111 01 1111111010 11011111, 1
01 11101011 da ne budu 1111110 11111111.

’11011 1111110110 11110, pogodio 111 1110101100101 11 01111
110 mu 1111110; 11011 01111110 01 11111011, 1101111111 11 11 1111-
doci 100110 10111111 111111111010,101ἰ nu 011111 1111310111111111,
damu ju 11111 111 01 11111. 211111111ου 110111 1001110 11 njezin do·
111111, no privolom 111οά111011, ustupiti drugomu t. 1. 1111111011ῑί
111, 1101011 111 01011110 1111110.

1111011111111 101111 1001111111 1111111111 11101110 3111110100

1011111000. Κ11 je 11010 1101111111 1011111, 011100 bi 01111110
31111110 poglavarstvo 111 1111110111, 1101111110 1011111, jesu li oni .

 

