Bag. s'tm. xxm ·

1800181881038,8018 801 10008880 81880801180, 1888103 81000100
080181 8180 88 0088880 0880181.

110801180, 18011 ᾖε 0 0881801 8018 18018810 8188080118, 800880 ᾖε
8188080118 8888181 08881 018308 88103; 0118 11 38 888810, 80 800 18,
8180 18 1080118 0818880, 080880 dati 811180 88103; 011811 0818880, 080880
mu je 0 00880 8011180 0188181, 18011180 je 1080118 00 1081 1818810, 18
88103 881811.

Bilo 18 1 8038,18 18108011( 08 88103 0080110 00888, 8 88 8180
0188038 81880801188 011010 0081 10308 8810818 01888, 08 0018818
8188080110 08880 (1038, 8 08 80 880818880, 18 800 88103 88881, 811
08038 0881 0118 888810, 88138 08118880 10 008888088οᾖ8 1801888.
Κ8118 0888818 018818 0880188, 8188080118 ᾖε 080880 081883008 008818·
101181, (18 ᾖε 0880 1080118080 0101880 samo 88 1801880 18030381038,
8 08 88 011800 881038.

Α180 ᾖε 0118 8188080118088 18018 080011808, 0018881808111 iz· ’

3081818, 8 018100 0888810 1 88108οἱ88 1080111810, 080880 ᾖε 818880118
0803188181 08813881818180 801008 080081ᾖο 118818183011 0110 zaf
duznice njegovih 1080118818 108 88 081808 8811800881 018080 08
08188881 08880 8888181 103 08 0110 0808180.

0888188111 00080188 0800180 80 0808811 088181 08 80, 18 88 18
0888888108 0018010118088 08108118 00108188103081. Α180 88 0180 08888-
8810080 8003110018018181, 8188080118 011888 8188880 0880181ῐὶ 88 00180101-
1808108 0081810081 1800818008.

Klete. Sa 888118, 1801880 0888818 0818188 88118081818888, 110111
80 808110800οο sebi 8081811 88888, 111 010. 08. 008881811811 808181088
301008,11101 1888080080 00111 808181088 180018 181.; 818088 081·,
8830888 00888180, 18800 0011808 8818881 88880 0808818, 0118 018810
01888; 8 18818 88 081883008008881881 0118 080318, 0188181 ᾖε 080880,
18011180 88 881810 00 1081, 1818 88188 8818108.

(1881818180 0888181 801111 08 0880 088 881 088808018188 (11-
818808), 8 081808818880 00181811 80811080οο80, 18811818 88181811 1
1118 8818. 1188088008 111 080813008 001811010 0888188, 8 1 3881818038
1881888 88188118 ᾖε 088888 na 80118 081888, 0008818 1 00388118 10, 8
18818 80 10818880181 08 88881 88881811 1 8801180111, 088881088 1· 888118
180808. Κ818 ᾖε 0888180118 111 88 88181081 111001081 1818810,18011188
080 ᾖε 88888, 8008818 800 88 8011188 0188881ῐί.

Ζ8011801800 ᾖε 808880 800880 0118018811 timariti i 08818108 010,
1018 10 818880118 081818001, 188 8180 18 0 01838 00011818, 80118 800380
(1018888881 88 88181081, 18 0118 0 01838 8811 0183088 0808138111 08-
8108888υῇ8 00011818 111 1108818, 800880 18 001801818188880.

 

