Index. - Z. 397

Vitus. 95. 97. 98. 109119. 114116.
190. 199. 195.

171101 fil. Kuchine. 65. 97. 196.

chhena. 34.

9710000οε. 91. 36. 40. 44. 50. 61. 79.

chheni 6110056. 196.

9710001. 307.

97100110. 10.

9710010. 8. 89. 84. 96. 951. 301.

chhyapeta Juhannes. 64.

97111. 14. 96. 98. 34. 134144. 937.

97111 fit. Domiani. 158.

97111 uxor. 99. 46.

Wik relicta. 957.

Wlkmanua. 93156. 158. 159. 164.
179. 175. 180. 930.

9711110011 j0bagio. 194.

971110010ῐο0, villa. 86. 88. 90. 957.

9711101110. 195 196197133. 151. 909.
990. 991. 999. 998. 931. 951. 304.

9711010110 Chucerya. 995.

Wlkouinus. 198.

Wlkunoy Martinus. 16. 30. 34. 35. 58.
74. 85. 87. 89. 914. 919. 991998.
973. 975. 977. 978. 988. 309.

9101011. 169.

Vnda Stephanus. 941. 947.

Vugryn Johannes. 994.

Vogrinchich Ivan 177. 179.

vote. Ι 51. 57. 58. 61. 113. 143.

90110. 144157167. 993. 310.
Velinus. 313.

90100101. 96.
voluntatis inventio. 49. 63. 179. 181.
909. 997. 999. 999. 303. 305. 359.

363. vide: inventio voluntatis.

Worih‚ 31. 915. 939. 977. 983.
90111000, 986.

Wos Martinus. 399.
9700 Martini relicta. 909.

11000001,(00100100100);
3:313? 11111111· 111· 111

159. 160. 181. 183.
185. 994. 397. 398.
330. 331. 355.

901110. 176. 995. 931. 947. 948. 951.

011111. Mnus. 149.

Vrbanus 173. 174. 990. 937. 977.

9150000 10010100. 190.

910001 relicta. 194. 197. 348. 349.

91ξὲἔί ἒ131ἐ1ὁιε.139.169.909. 914. 915.

91000100 Jacobus. 984. 990.

Vrag Ivan. 340.

ζξξξξ 1 anulus. 110. 010. 293. 000.

9710001100 11010069. 158. 308. 318.
971030νί0111. 149.

- .- --——.—.—-.-—

vulnera,
vulneratio. ⁸‘ ⁰¹
Wurnouch. villa. 79.
vuzdar, (ireniparus):
Andreas. 319.
Johannes. 43.
Paulus. 963. 309.
Petrus. 980. 307. 309. 319. 390.

Ζ.

Zagorchich Johannes. 314. 391.
zagrab. canonici:
Johaunes Crispus. 105. 919. 913.

917. 990. 993. 967.
Martinus. 311.
Nicolaus archid. 41. 45. 48. 5358,
69. vide: archidiaconi
Zakalus Juhaunes. 955.
Ζο110100 Petrus. 173.
Zalika Johannes. 44.
20100001. oppidum. 995.
Ζο0010. 70. 966. 319.
Zaualu Endre. 978. 996.
Zauala Stephanus. 31. 73. 77. 85. 87.
119. 153. 999. 314. 397.
Ζο01000, ramus Savae. 184.
Zayko. 64.
10001000. 340.
Zdrauje. 973. 979.
291 11311111. 18. 11. 10. ao. 01.
113. 1911131. 169. 163. 168.
170. 196. 197. 900. 901. 905.
940. 941. 950. 995. 308.

1011101, (0011011111

Lucachiua. 394.
Marcus. 394,
Martinus. 170.
20101000 Cemech. 67. 75. 196. 133.
Ζο10100 136143. 144. 149. 158.
159. 161. 163178. 179.
Ζο10100 Martinus. 65. 67. 119. 137.
139. 149. 946.
Ζο10100 Martini relicta. 157. 947. 987.
310. 313. 317. 396. 397.
20001 Martinus. 95.
Zenar Nicolaus. 154. 303.
Zentin Johannes. 961. 963.
Zerpatich 191001000916. 917. 358

. Zequirich Marcus. 79. 193. 196. 970.

ZezanichaPaulus. 170, vide: 0001001000.
Zidak. 30. 48. 64. 358. 359. vide:
11119... 106.

21010 Petrus. 938. 947. 949.

9111130090. 359.

Zirk 1710000097. 133. 135. 141. 169.
171. 179. 175. 357. 359.

16

 

