Index. — B. 367

Babojeb Niculnus. 182. 183. 185. 187.
189. 190. 222. 236. 239. 246. 247.
260. 263. 318. 320. 323.

6000111110. 38. N,

buculi 00100. 73.

30110 Symon. 81.

3010101101. 320.

60100 de 0011010110. 191. 193.

balneum. 68. 60. 91. 94. 97.

6010001ἰο 1000100ςί0111 Stephnni. 116.

6011100111 stuba. 246.

6010οι110 010600 06011110 01 utne. 136.

balneatores:

Gerinuu. 26. 96. 96. 91. 174.
Gregorius. 03. 66110114. 347. 348.
1000600. 314. 323. 326.

11110. 8828 90. 112. 116. 118. 120.
601000101 superior. 128.

baltheus. 16. 20. 30. 37. 206. 293.
60106001οι11. 24.

· 60000. 318.

3000110011. 325.

3001. 166. 160. 183. 186. 188.

300110. 189. 192. 196. 197. 198.
202. 206. 209. 210. 211.
212. 216. 218. 220. 231.
233. 233. 236. 238. 323.

324. 326. 326. 331.
30010 1000600 262.

30010 (10 Noun villa. 167. 328.
301100. 119. 176. 177. 216. 217.
60000 Paulus 206. ·
30160000 10600000. 42. 50. 61. 52. 63.
64. 66. 122. 124. 126. 133. 134.
136. 148. 162. 163. 166. 164. 216.
217. 220. 224. 226. 229. 233. 237.
247. 261. 298. 311. 314. 318. 326.
30160000301100.169. 190196.
301601100. 1. 2. 6. 67.9. 82. 86..88
333133. 147. 173. 178. 180. 184.
1101601101 1011010100. 142.149.166
30160111 0001. 48.
60160111 unitrix. 171.
301160100000. 1. 0.
3011601001οἰ 1011010. 46.
30110011. 3. 413. 17. 19. 21. 22.
3011006100, 23. 24. 26. 42. 46. 61.
63. 66. 8486. 92104.
106. mlix). 146. 146.
149. 136. 137. 210. 216.
232. 236. 237. 238. 239.
240. 211. 244. 246. 278.
282. 286. 311. 334. 846.

347. 348. 368. 369. 361.
30110011 uxor. 03.

30010. 211.
30111060 25. 61. 62. 30. 86. 98. 114.

. 117129. 180. 218. 236. 268. 272.
321. 322. 326.

3011001100. 94.

Beli 1100. 198. 199. 236. 238.

Bene. 20. 80. 3140. 62. 53. 64. 76.
79. 81. 83. 108. 351. 362.

Bene 1011010. 308. 309. 318.
Benedictus. 0 0.

Benedictus 11οΚ01100060. 109.
Benedictus 11. Demetrii. 37 .
3000310103110 11101006. 241. 242.
Benedicti uxor. 43.

Benedicti 1011010. 17. 106. 194197.

Bene. 1. 68. 69. 93. 226. 229. 310.
30010 313

30011 1011010. 801. 805. 314.
13811101111111111110119.

1381101143...33133134.167.

301001.

11.... int ,

bend. 282.

. Remu n}Cee 0010 ch. 138. 206. 240. 249.

8811110111 3001100100. 329.
610001100. 11. 75. 83. 96. 191. 223.
229. 239. 317. 327.

bicellus 1100030101.
n evaginatus.

14107. 118.
163. 207. 238.
262. 308. 366.
6100111 0100110010. 190.

6100111 longi. 217.

³¹d¹⁸⁸¹¹ 1111 99 90. 94.

B dung i
1111111111). 111. 110.

6600,

31636οω 10600000 336. 338.

iffi· 1111116461 109100. 119. “
122. 128. 138. 143. 266 311318.

3100100. 0. 0

0011111 Georgii. 0091.

3100100 fil. 100061 319.

3101100 111 1101006311.

1110010061. Mundek. 293.
1110010031.Ζ110101.104.106.103.107.
31001011060110. 81.

3100101 1010010οΤ110301. 321.
3100111011010.137.

3060011 Penius. 8. 11. 13. 121. 144.
147. 183208 311. 966.

30601 iilius. 262. .

306110οἰ0 Murcus. 136.

30600 Dominum. 366

Bokou. 38. 330 370 .

Boiog 111001ιο0. 11. 12 1613 17.
1831. 32. 87. 39. 70126133.
..146 143162.

30101 filii. 284.

30010100 Marcus. 62. 37. 70. 71. 76.

*

 

