378 Index. - l. J.

303. 314. 331. 383. 399. 395. 338. 9111111113.
241· 247). 229· 251. 353. 282. 383. jiissti'
3813113343. 343. 1144341359· Andreas. 99. 114. 139 195198.

361.

101111111113111111. 181. 185. 167.

189. 319.
10111111 fil. Nicolui. 163.
1011111111. Vidone. 13.
1011111111. Boynik. 82. 84. 81.
1011111111. Cemer. 333.
10111111 11. Petri de Cheh. 386.

10111111 gener Benchech. 87. 366.

Benedicti. 819.

10111111 gener Menter. 384. 385. 386.

10111111 gener Meynnrdi. 333. 388

10111111 gener Pintilinchy. 28. 39. 30.

10111111 nepos Vibani. 2.
10111111 (11 Dedich. 331.

10111111 de Denicheuch 1131111111).

135138.
10111111 de Gorimla. 35.
10111111 de Hrnztovichn. 340.
10111111 111111111111301.36. 94.
10111111111111111. 153. .
10111111 Vidonis. 107.
1131111111 villicus. 154.
1011111111111111. 344. 345.
10111111 famulus. 44.
10111111 famulus episcopi. 138.
10111111 familiaris 11110111. 3.
10111111 juvenii. 155.
10111111 uxor. 29. 131.

judices:
91111111. 193.

1111101111. 3. 6. 5961. 67. 70. 79.

83, 89. 91. 104. 131. 174. 317.
Benedictus. 105. 108. 335.

1111 fil. Georgii. 53. 56. 118. 157.
300. 305. 308. 318. 336. 333.

300. 337.

² 1110111. 12. 13. 1516. 18. 30. 27.
35. 49. 70. 76. 101. 846. 348.

350. 351. 353. 354.

Μ111111. 13. 1315. 16. 18. 19. 30.

33.33......3637393161100

· 118130140. 163. 193. 337. 313.

349. 334. 336. 397. 361.
Μ11111111. 1111111111. 78. 99.
’ Mikech fil. Hench. 114. 133. 137.
Nicolaus 11 Benedicti. 301). 303.

310. 371. 373. 375. 379. 304. 305.

3081116351.

· Paulus. 202. 303. 318. 331. 331.
“ 343. 344. 345. 318. 353. 369. 375.

383. 386. 337.

Petrus. 11. 44. 46. 47. 49. 50. 51.

= 11. 111. 111. 141. 111. 111.
111111 Ligetii. 101. 111.

Stephanus. 18. 31. 33. 35. 38. 47.
· 68. 71. 75. 76111). 103. 105.

’ 131. 195. 319. 353.

303. 337. 307. 348. 353.
Β1111111. 34. 99. 300. 303. 227. 354.
Benedictus. 303.

Donatus. 10. 13. 36. 300. 303. 354.

Elias. 303. 308.

Ivnn. 317. 831.

1111111. 303315. 354.

10111111 iil. Laurentii 34. 31. 43.
60.74.99.114.303.333.

Jurglinus. 317. 319. 333. 334.

111111147. 56. 64.

1111111147. 300.

Martinus. 45. 63. 73. 74. 367.

11111111. 181. 166173. 175. 181.
184. 190193.

Μ11111111. 43. 49.

Μ111111. 99.

Mykech. 114.

Mykoi. 143.

Ν1101111. 133. 334.

Ρ11151111. 93.

Ρ11111. 99. 353.

Petrus. 303. 315. 331. 330. 384.

354. 360. 366. 373. 303.
Stephnnus. 7. 36. 163. 166. 184.

300. 303. 315. 337. 331. 333, 344.

350. 354. 303. 306.

Thomas. 343. 346. 348.
Trosth. 196. 350. 354.

judices antiqui. 10. 12. 13. 31. 49.
59. 168. 170. 306. 316. 333. 339.
331. 340. 350. 355. 381. 393. 393.

395. 800. 313. 316. 360.
judex insenius 343.

judicis offensio. 363.

judicis placatio. 33.

judicio duo. 6. 13. 73. 79. 109.
judicium consuetum. 3. 337. 345.
judicium linguae. 242. 394.

judicium potentiale. 61. 117. 133. 317.
judicium quinque 11111. 30.

judicium 111111 pensurum. 45.

Judei. 105.

Judeus Elius. 27. 29.

Juhn Georgius. 175. 130. 301.

1111 Ρ11111. 168.

1111 filius. 292. 307.

1111 filins. 246.

111115. 81911. 131. 161. 135. 187. 193
11111 1101.45.47.89.199. 135.

1191351 110. 111

juramentum. 1. o.
jurumentuin in 11111111. 90.
juramentum 1111 vice. 68.

Ι 111111111514111111110 111150 nuper ²⁸?
11111.

 

